=RELAP5/MOD3.3 INPUT DECK                                           
*******************************************************************************************************************************    
1 0                                         
100    new  transnt                                                                
102     si   si                                                                     
105     1.0     2.0                                                                                                                                                                    
*==============time step control card===========                                                                                                                      
201   1000.0  1.0e-7 1.0e-2 7  100 100000  1000000  
***===========hydrodynamic components =======
*==============secondry side===========                                           
*reactor hall ccc=100                                          
1000000   rehall  tmdpvol                                      
1000101   0.090179   5.0  0.0  0.0  90.0  5.0  0.0 0.0   0000000   
1000200   103                                                   
1000201   0.0 5.8e+06   497.05    
 
*ccc=101                          
1010000  ij  tmdpjun             
1010101  100010002 103010001 0.0
1010200   1                     
1010201   0.0  62.5  0.0  0.0   
1010202   300.0 62.5  0.0  0.0
1010203   310.0 56.25 0.0  0.0
1010204   500.0 56.25 0.0  0.0
1010205   510.0 62.5  0.0  0.0
1010206   600.0 62.5  0.0  0.0 
*  
*ccc=103                                                        
1030000  sfspb  branch                                                             
1030001   1     1                                                                  
1030101   0.090179   0.5   0.0   0.0   90.0    0.5                           
1030102   0.0  0.0    0000000                                                      
1030200   103       5.8e+06  497.05                        
1031101   103010002  110010001  0.0    1.0   1.0 0000000                                                                          
1031201   62.5  0.0  0.0                                                                                                              
*
*hcotsg second channel  ccc=110 
1100000  hfac  pipe 
1100001   30   3   1.6  0.025  0.025  14.29266752   1.0  655  20                                             
1100011   0.01324 0.0176   1.58746                                                                                                                            
1100101   0.09018       30                                                      
1100301   1.06667       30                                                          
1100501   0.0           30                                                         
1100601   14.29         30  
1100701   0.2633        30                                                      
1100801   0.00001       0.01324     30                                             
1100901   0.0           0.0         29                                                            
1101001   0000000       30                                                          
1101101   0000000       29                                                                              
1101201   103        5.8e+06  497.0  0.0   0.0  0.0      30                       
1101300   1                                                                        
1101301   62.5  0.0  0.0  29  

* 
*ccc=104
1040000  sfspb  branch                                                             
1040001   2     1                                                                  
1040101   0.090179   0.5   0.0   0.0   90.0    0.5                          
1040102   0.0  0.0    0000000                                                      
1040200   103        5.8e+06  497.05                            
1041101   110300002  104010001  0.0    1.0   1.0 0000000                                                   
1042101   104010002  120010001  0.0    0.0   0.0 0000000                          
1041201   62.5  0.0  0.0                                                            
1042201   62.5  0.0  0.0                                                                                                         
                                                                                                        
*reactor hall ccc=120                                          
1200000   rehall  tmdpvol                                      
1200101   100.0   50.0  0.0  0.0  0.0 0.0  0.0 0.0   0000000   
1200200   103                                                   
1200201   0.0 5.8e+06    480.0     

*===================primary side============
*reactor hall ccc=200                                          
2000000   rehall  tmdpvol                                      
2000101   0.656633    5.0  0.0  0.0  -90.0  -5.0  0.0 0.0   0000000   
2000200   103                                                   
2000201   0.0 15.5e+06     601.55   
*
*
*ccc=201                          
2010000   ij  tmdpjun             
2010101  200010002 203010001 0.0  
2010200   1                       
2010201   0.0  589.0  0.0  0.0                                     
*                                    
*ccc=203                                                        
2030000  sfspb  branch                                                             
2030001   1     1                                                                  
2030101   0.656633   0.5   0.0   0.0   -90.0    -0.5                           
2030102   0.0  0.0    0000000                                                      
2030200   103       15.5e+06     601.55                        
2031101   203010002  210010001  0.0    1.0   1.0 0000000                                                                          
2031201   589.0  0.0  0.0   
*                                               
*hot fuel assemblies channel  ccc=210                                              
2100000  hfac  pipe                                                                
2100001   30  4  1.6  0.025  0.025  14.29266752   1.0  655  20 
2100011   0.01324 0.0176   1.58746                                                      
2100101   0.656633   30                                                      
2100301   0.2633     30                                                          
2100501   0.0        30                                                         
2100601   -90.0      30                                                         
2100801   0.00001    0.0269   30                                             
2100901   0.0  0.0   29                                                            
2101001   0000000    30                                                          
2101101   0000000    29                                                                              
2101201   103        15.5e+06     601.55  0.0  0.0  0.0      30                       
2101300   1                                                                        
2101301   589.0  0.0  0.0  29 
*
**ccc=204
2040000  oj  branch                                                             
2040001   2     1                                                                  
2040101   0.656633   0.5   0.0   0.0   -90.0    -0.5                          
2040102   0.0  0.0    0000000                                                      
2040200   103        15.5e+06     601.55                            
2041101   210300002  204010001  0.0    1.0   1.0 0000000                                                   
2042101   204010002  220010001  0.0    0.0   0.0 0000000                          
2041201   589.0  0.0  0.0                                                            
2042201   589.0  0.0  0.0
*  
*reactor hall ccc=220                                          
2200000   rehall  tmdpvol                                      
2200101   100.0   50.0  0.0  0.0  0.0 0.0  0.0 0.0   0000000   
2200200   103                                                   
2200201   0.0 15.5e+06     601.55
*
***=================heat structures========
*cccg=1100 
11100000 30 4 4 1 0.00662             
11100100 0 1                                                                             
11100101 3 0.0088                 
11100201 301 3                                                            
11100301 0.0 3  
11100400  0                                       
11100401  601.55   4                                      
11100501 110010000   10000 1 1 698.6666667 30                    
11100601 210300000  -10000 1 1 698.6666667 30                                     
11100701 0 0.0 0.00 0.00 30                           
11100801 0.0269 10.00 10.00 0.00 0.00 0.00 0.00 1.00 30 
11100901 0.0132 10.00 10.00 0.00 0.00 0.00 0.00 1.00 30                                 
*                               
*====================Thermal Properties================================
*Thermal Properties for S-Steel
20130100     tbl/fctn     1     1          
20130101  294.26 14.44  
20130102  310.93 14.53  
20130103  338.71 14.99  
20130104  366.48 15.39  
20130105  394.26 15.77  
20130106  422.04 16.17  
20130107  449.82 16.53  
20130108  477.59 16.95  
20130109  505.37 17.30  
20130110  533.15 17.69  
20130111  560.93 18.07  
20130112  588.71 18.51  
20130113  616.48 18.85  
20130114  644.26 19.20  
20130115  3000.00 19.20 

20130151 294.00 3708225.006
20130152 300.00 3708225.006
20130153 343.15 3738225.006
20130154 373.15 3768404.433
20130155 423.15 3812667.592
20130156 473.15 3855589.444
20130157 523.15 3900523.257
20130158 573.15 3932714.646
20130159 623.15 4004474.616
20130160 673.15 4031971.427
20130161 723.15 4091659.627
20130162 773.15 4135252.132
20130163 823.15 4161407.636
20130164 873.15 4198293.602
20130165 923.15 4268041.611
20130166  1973.15 4288161.228
20130167  3973.15 4288161.228

.end